iter      cost      cost_change  |gradient|   |step|    tr_ratio  tr_radius  ls_iter  iter_time  total_time
   0  1.163772e+05    0.00e+00    4.89e+04   0.00e+00   0.00e+00  1.00e+04        0    8.60e-03    9.67e-03
   1  1.658037e+05   -4.94e+04    0.00e+00   3.54e+00  -4.25e-01  5.00e+03        1    1.98e-03    1.27e-02
   2  1.658011e+05   -4.94e+04    0.00e+00   3.54e+00  -4.25e-01  1.25e+03        1    1.56e-03    1.46e-02
   3  1.657855e+05   -4.94e+04    0.00e+00   3.53e+00  -4.25e-01  1.56e+02        1    1.27e-03    1.61e-02
   4  1.656393e+05   -4.93e+04    0.00e+00   3.52e+00  -4.23e-01  9.77e+00        1    1.49e-03    1.78e-02
   5  1.629440e+05   -4.66e+04    0.00e+00   3.31e+00  -4.02e-01  3.05e-01        1    1.48e-03    1.95e-02
   6  1.235830e+06   -1.12e+06    0.00e+00   1.10e+00  -1.84e+01  4.77e-03        1    1.26e-03    2.10e-02
   7  1.147192e+05    1.66e+03    5.12e+04   2.46e-02   1.03e+00  1.43e-02        1    9.42e-03    3.07e-02
   8  1.096462e+05    5.07e+03    5.83e+04   6.91e-02   1.08e+00  4.29e-02        1    9.70e-03    4.07e-02
   9  9.391578e+04    1.57e+04    8.22e+04   1.70e-01   1.22e+00  1.29e-01        1    1.04e-02    5.14e-02
  10  5.169642e+04    4.22e+04    1.50e+05   2.90e-01   1.47e+00  3.86e-01        1    1.13e-02    6.30e-02
  11  9.927548e+03    4.18e+04    1.53e+05   2.16e-01   1.33e+00  1.16e+00        1    1.67e-02    8.01e-02
  12  8.112647e+02    9.12e+03    5.80e+04   1.04e-01   1.09e+00  3.48e+00        1    1.32e-02    9.37e-02
  13  1.664084e+01    7.95e+02    8.77e+03   3.58e-02   1.02e+00  1.04e+01        1    1.97e-02    1.14e-01
  14  7.079288e-02    1.66e+01    5.45e+02   5.62e-03   1.00e+00  3.13e+01        1    1.24e-02    1.28e-01
  15  4.659520e-05    7.07e-02    1.30e+01   4.04e-04   1.00e+00  9.39e+01        1    1.30e-02    1.42e-01
  16  4.219575e-09    4.66e-05    1.10e-01   1.11e-05   1.00e+00  2.82e+02        1    1.31e-02    1.56e-01
  17  4.288231e-10    3.79e-09    3.21e-04   1.03e-07   1.00e+00  8.45e+02        1    9.54e-03    1.65e-01
Ceres Solver Report: Iterations: 18, Initial cost: 1.163772e+05, Final cost: 4.288231e-10, Termination: CONVERGENCE
Initial a: 1    b: 1    c: 1
Final a: 0.509167       b: 0.746778     c: 0.329951
Press any key to continue . . .